%YAML:1.0
---
class_id: nut
pyramid_levels: 2
template_pyramids:
   -
      template_id: 0
      templates:
         -
            width: 43
            height: 41
            tl_x: 14
            tl_y: 12
            pyramid_level: 0
            features:
               - [ 5, 40, 6 ]
               - [ 13, 20, 3 ]
               - [ 39, 0, 6 ]
               - [ 27, 26, 2 ]
               - [ 23, 31, 1 ]
               - [ 30, 23, 2 ]
               - [ 33, 19, 2 ]
               - [ 43, 9, 2 ]
               - [ 36, 16, 2 ]
               - [ 40, 12, 2 ]
               - [ 29, 5, 2 ]
               - [ 0, 26, 2 ]
               - [ 22, 37, 1 ]
               - [ 19, 41, 2 ]
               - [ 9, 36, 6 ]
               - [ 20, 22, 3 ]
               - [ 26, 16, 2 ]
               - [ 32, 9, 2 ]
               - [ 29, 12, 2 ]
         -
            width: 21
            height: 20
            tl_x: 7
            tl_y: 6
            pyramid_level: 1
            features:
               - [ 6, 10, 3 ]
               - [ 2, 20, 6 ]
               - [ 12, 16, 1 ]
               - [ 14, 3, 2 ]
               - [ 20, 7, 2 ]
   -
      template_id: 1
      templates:
         -
            width: 30
            height: 51
            tl_x: 18
            tl_y: 8
            pyramid_level: 0
            features:
               - [ 12, 51, 4 ]
               - [ 9, 29, 1 ]
               - [ 23, 33, 7 ]
               - [ 26, 19, 1 ]
               - [ 25, 24, 0 ]
               - [ 24, 28, 1 ]
               - [ 27, 15, 1 ]
               - [ 29, 9, 1 ]
               - [ 28, 12, 1 ]
               - [ 30, 4, 0 ]
               - [ 15, 9, 1 ]
               - [ 13, 18, 0 ]
               - [ 14, 13, 1 ]
               - [ 1, 41, 1 ]
               - [ 26, 40, 0 ]
               - [ 25, 44, 1 ]
               - [ 16, 28, 1 ]
               - [ 18, 20, 1 ]
               - [ 19, 15, 0 ]
               - [ 20, 11, 1 ]
               - [ 17, 24, 0 ]
               - [ 22, 5, 1 ]
               - [ 21, 21, 1 ]
               - [ 22, 16, 1 ]
               - [ 24, 10, 0 ]
               - [ 23, 13, 1 ]
               - [ 20, 25, 1 ]
         -
            width: 15
            height: 25
            tl_x: 9
            tl_y: 4
            pyramid_level: 1
            features:
               - [ 4, 15, 2 ]
               - [ 5, 25, 5 ]
               - [ 12, 17, 7 ]
               - [ 7, 6, 1 ]
               - [ 14, 7, 1 ]
               - [ 13, 11, 1 ]
               - [ 13, 0, 5 ]
   -
      template_id: 2
      templates:
         -
            width: 27
            height: 50
            tl_x: 24
            tl_y: 10
            pyramid_level: 0
            features:
               - [ 19, 49, 3 ]
               - [ 6, 32, 0 ]
               - [ 18, 23, 7 ]
               - [ 20, 28, 6 ]
               - [ 15, 14, 7 ]
               - [ 14, 10, 7 ]
               - [ 17, 19, 7 ]
               - [ 13, 5, 7 ]
               - [ 11, 0, 7 ]
               - [ 1, 10, 7 ]
               - [ 2, 16, 7 ]
               - [ 5, 46, 7 ]
               - [ 25, 32, 7 ]
               - [ 27, 37, 7 ]
               - [ 11, 27, 0 ]
               - [ 6, 10, 7 ]
               - [ 9, 19, 7 ]
               - [ 7, 13, 7 ]
               - [ 5, 5, 7 ]
               - [ 12, 19, 0 ]
               - [ 10, 12, 7 ]
               - [ 9, 8, 7 ]
               - [ 8, 5, 0 ]
         -
            width: 13
            height: 25
            tl_x: 12
            tl_y: 5
            pyramid_level: 1
            features:
               - [ 3, 17, 0 ]
               - [ 8, 25, 4 ]
               - [ 11, 15, 6 ]
               - [ 1, 9, 7 ]
               - [ 0, 5, 7 ]
               - [ 7, 3, 7 ]
               - [ 8, 7, 7 ]
               - [ 9, 10, 7 ]
   -
      template_id: 3
      templates:
         -
            width: 39
            height: 42
            tl_x: 16
            tl_y: 14
            pyramid_level: 0
            features:
               - [ 39, 38, 2 ]
               - [ 18, 30, 7 ]
               - [ 29, 20, 5 ]
               - [ 14, 7, 6 ]
               - [ 25, 17, 6 ]
               - [ 11, 4, 6 ]
               - [ 18, 11, 6 ]
               - [ 7, 0, 5 ]
               - [ 3, 14, 6 ]
               - [ 0, 11, 6 ]
               - [ 11, 22, 6 ]
               - [ 7, 18, 6 ]
               - [ 3, 0, 2 ]
               - [ 24, 42, 6 ]
               - [ 35, 21, 5 ]
               - [ 39, 24, 6 ]
               - [ 21, 24, 7 ]
               - [ 14, 17, 6 ]
               - [ 10, 14, 6 ]
               - [ 7, 11, 6 ]
         -
            width: 19
            height: 21
            tl_x: 8
            tl_y: 7
            pyramid_level: 1
            features:
               - [ 9, 16, 7 ]
               - [ 19, 20, 2 ]
               - [ 16, 10, 5 ]
               - [ 2, 8, 6 ]
               - [ 6, 2, 6 ]
               - [ 1, 1, 3 ]
   -
      template_id: 4
      templates:
         -
            width: 52
            height: 28
            tl_x: 10
            tl_y: 24
            pyramid_level: 0
            features:
               - [ 51, 18, 0 ]
               - [ 29, 20, 5 ]
               - [ 0, 10, 7 ]
               - [ 34, 6, 3 ]
               - [ 10, 1, 5 ]
               - [ 14, 2, 5 ]
               - [ 19, 3, 5 ]
               - [ 5, 0, 4 ]
               - [ 27, 5, 5 ]
               - [ 9, 14, 5 ]
               - [ 19, 17, 5 ]
               - [ 15, 16, 5 ]
               - [ 41, 28, 5 ]
               - [ 40, 4, 4 ]
               - [ 46, 5, 5 ]
               - [ 19, 11, 5 ]
               - [ 14, 10, 5 ]
               - [ 10, 9, 5 ]
               - [ 6, 8, 5 ]
               - [ 20, 8, 4 ]
               - [ 15, 7, 5 ]
               - [ 12, 6, 5 ]
               - [ 8, 5, 5 ]
         -
            width: 26
            height: 14
            tl_x: 5
            tl_y: 12
            pyramid_level: 1
            features:
               - [ 16, 11, 6 ]
               - [ 26, 9, 1 ]
               - [ 17, 3, 3 ]
               - [ 7, 8, 5 ]
               - [ 8, 1, 5 ]
               - [ 5, 0, 5 ]
               - [ 12, 2, 5 ]
   -
      template_id: 5
      templates:
         -
            width: 50
            height: 28
            tl_x: 12
            tl_y: 20
            pyramid_level: 0
            features:
               - [ 49, 8, 7 ]
               - [ 32, 22, 4 ]
               - [ 1, 27, 6 ]
               - [ 28, 8, 2 ]
               - [ 15, 12, 3 ]
               - [ 19, 11, 3 ]
               - [ 22, 10, 3 ]
               - [ 5, 15, 3 ]
               - [ 12, 13, 3 ]
               - [ 1, 16, 3 ]
               - [ 8, 14, 3 ]
               - [ 11, 27, 3 ]
               - [ 25, 23, 3 ]
               - [ 6, 28, 3 ]
               - [ 21, 24, 3 ]
               - [ 46, 23, 3 ]
               - [ 33, 2, 3 ]
               - [ 39, 0, 3 ]
               - [ 44, 10, 7 ]
               - [ 19, 19, 4 ]
               - [ 15, 20, 3 ]
               - [ 9, 22, 3 ]
               - [ 5, 23, 4 ]
               - [ 14, 17, 3 ]
               - [ 11, 18, 3 ]
               - [ 7, 19, 3 ]
         -
            width: 25
            height: 14
            tl_x: 6
            tl_y: 10
            pyramid_level: 1
            features:
               - [ 17, 11, 4 ]
               - [ 25, 5, 7 ]
               - [ 15, 3, 2 ]
               - [ 8, 13, 3 ]
               - [ 6, 6, 3 ]
               - [ 3, 7, 3 ]
               - [ 10, 5, 3 ]
   -
      template_id: 6
      templates:
         -
            width: 44
            height: 41
            tl_x: 16
            tl_y: 16
            pyramid_level: 0
            features:
               - [ 39, 1, 6 ]
               - [ 31, 21, 3 ]
               - [ 5, 41, 6 ]
               - [ 17, 15, 2 ]
               - [ 21, 10, 1 ]
               - [ 14, 18, 2 ]
               - [ 11, 22, 2 ]
               - [ 1, 32, 2 ]
               - [ 8, 25, 2 ]
