%YAML:1.0
---
class_id: nut
pyramid_levels: 2
template_pyramids:
   -
      template_id: 0
      templates:
         -
            width: 25
            height: 34
            tl_x: 32
            tl_y: 14
            pyramid_level: 0
            features:
               - [ 22, 22, 7 ]
               - [ 9, 21, 7 ]
               - [ 11, 24, 7 ]
               - [ 25, 27, 7 ]
               - [ 15, 31, 7 ]
               - [ 18, 15, 7 ]
               - [ 5, 17, 5 ]
               - [ 7, 11, 4 ]
               - [ 0, 5, 3 ]
               - [ 10, 0, 3 ]
               - [ 10, 9, 1 ]
               - [ 4, 7, 0 ]
               - [ 9, 4, 6 ]
               - [ 14, 16, 7 ]
         -
            width: 12
            height: 17
            tl_x: 16
            tl_y: 7
            pyramid_level: 1
            features:
               - [ 11, 10, 7 ]
               - [ 5, 12, 7 ]
               - [ 3, 9, 6 ]
               - [ 8, 17, 7 ]
               - [ 5, 4, 2 ]
   -
      template_id: 1
      templates:
         -
            width: 26
            height: 32
            tl_x: 30
            tl_y: 16
            pyramid_level: 0
            features:
               - [ 4, 10, 7 ]
               - [ 15, 8, 7 ]
               - [ 17, 11, 7 ]
               - [ 1, 5, 7 ]
               - [ 11, 1, 7 ]
               - [ 8, 17, 7 ]
               - [ 21, 15, 5 ]
               - [ 19, 21, 4 ]
               - [ 26, 27, 3 ]
               - [ 16, 32, 3 ]
               - [ 16, 23, 1 ]
               - [ 22, 25, 0 ]
               - [ 17, 28, 6 ]
               - [ 12, 16, 7 ]
         -
            width: 13
            height: 16
            tl_x: 15
            tl_y: 8
            pyramid_level: 1
            features:
               - [ 2, 6, 7 ]
               - [ 8, 4, 7 ]
               - [ 10, 7, 6 ]
               - [ 6, 1, 7 ]
               - [ 8, 12, 2 ]
   -
      template_id: 2
      templates:
         -
            width: 44
            height: 29
            tl_x: 18
            tl_y: 18
            pyramid_level: 0
            features:
               - [ 25, 7, 5 ]
               - [ 22, 5, 5 ]
               - [ 12, 13, 5 ]
               - [ 13, 0, 5 ]
               - [ 22, 19, 6 ]
               - [ 33, 9, 3 ]
               - [ 1, 3, 1 ]
               - [ 38, 28, 2 ]
               - [ 44, 18, 1 ]
               - [ 34, 16, 3 ]
               - [ 30, 29, 6 ]
               - [ 43, 12, 5 ]
               - [ 16, 10, 5 ]
               - [ 32, 20, 0 ]
               - [ 11, 7, 6 ]
               - [ 25, 15, 6 ]
               - [ 40, 19, 6 ]
               - [ 6, 4, 5 ]
               - [ 37, 23, 4 ]
         -
            width: 22
            height: 14
            tl_x: 9
            tl_y: 9
            pyramid_level: 1
            features:
               - [ 8, 8, 5 ]
               - [ 3, 5, 6 ]
               - [ 16, 4, 4 ]
               - [ 7, 0, 5 ]
               - [ 16, 10, 0 ]
   -
      template_id: 3
      templates:
         -
            width: 44
            height: 19
            tl_x: 18
            tl_y: 24
            pyramid_level: 0
            features:
               - [ 18, 2, 4 ]
               - [ 24, 2, 4 ]
               - [ 15, 14, 4 ]
               - [ 8, 2, 4 ]
               - [ 25, 14, 4 ]
               - [ 30, 0, 2 ]
               - [ 0, 12, 7 ]
               - [ 35, 5, 2 ]
               - [ 44, 2, 0 ]
               - [ 44, 14, 0 ]
               - [ 38, 19, 4 ]
               - [ 35, 10, 6 ]
               - [ 16, 9, 4 ]
               - [ 10, 9, 4 ]
               - [ 40, 5, 5 ]
               - [ 13, 6, 4 ]
               - [ 26, 9, 4 ]
               - [ 27, 6, 4 ]
               - [ 40, 11, 3 ]
               - [ 4, 9, 4 ]
         -
            width: 22
            height: 9
            tl_x: 9
            tl_y: 12
            pyramid_level: 1
            features:
               - [ 14, 8, 5 ]
               - [ 10, 7, 4 ]
               - [ 14, 0, 3 ]
               - [ 4, 7, 4 ]
               - [ 10, 1, 4 ]
               - [ 4, 1, 4 ]
   -
      template_id: 4
      templates:
         -
            width: 41
            height: 32
            tl_x: 22
            tl_y: 16
            pyramid_level: 0
            features:
               - [ 14, 14, 3 ]
               - [ 15, 27, 3 ]
               - [ 19, 11, 3 ]
               - [ 7, 18, 3 ]
               - [ 2, 21, 3 ]
               - [ 24, 22, 3 ]
               - [ 10, 30, 3 ]
               - [ 22, 7, 1 ]
               - [ 29, 21, 5 ]
               - [ 1, 32, 6 ]
               - [ 28, 9, 0 ]
               - [ 35, 1, 6 ]
               - [ 41, 12, 7 ]
               - [ 38, 19, 3 ]
               - [ 29, 0, 3 ]
               - [ 31, 13, 5 ]
               - [ 13, 23, 3 ]
               - [ 33, 6, 4 ]
               - [ 23, 17, 3 ]
               - [ 36, 11, 2 ]
               - [ 4, 28, 2 ]
         -
            width: 20
            height: 16
            tl_x: 11
            tl_y: 8
            pyramid_level: 1
            features:
               - [ 11, 12, 3 ]
               - [ 14, 11, 4 ]
               - [ 6, 15, 3 ]
               - [ 11, 3, 2 ]
               - [ 3, 9, 3 ]
   -
      template_id: 5
      templates:
         -
            width: 30
            height: 44
            tl_x: 30
            tl_y: 12
            pyramid_level: 0
            features:
               - [ 8, 20, 1 ]
               - [ 6, 23, 1 ]
               - [ 14, 33, 1 ]
               - [ 1, 32, 1 ]
               - [ 20, 23, 2 ]
               - [ 10, 12, 7 ]
               - [ 4, 44, 5 ]
               - [ 29, 7, 6 ]
               - [ 19, 1, 5 ]
               - [ 17, 11, 7 ]
               - [ 30, 15, 2 ]
               - [ 13, 2, 1 ]
               - [ 11, 29, 1 ]
               - [ 21, 13, 4 ]
               - [ 8, 34, 2 ]
               - [ 16, 20, 2 ]
               - [ 20, 5, 2 ]
               - [ 5, 39, 1 ]
               - [ 24, 8, 0 ]
         -
            width: 15
            height: 22
            tl_x: 15
            tl_y: 6
            pyramid_level: 1
            features:
               - [ 9, 14, 1 ]
               - [ 11, 11, 2 ]
               - [ 3, 11, 1 ]
               - [ 5, 6, 0 ]
               - [ 0, 16, 1 ]
               - [ 9, 0, 5 ]
   -
      template_id: 6
      templates:
         -
            width: 33
            height: 42
            tl_x: 28
            tl_y: 12
            pyramid_level: 0
            features:
               - [ 15, 27, 7 ]
               - [ 28, 26, 7 ]
               - [ 12, 22, 7 ]
               - [ 19, 34, 7 ]
               - [ 22, 39, 7 ]
               - [ 23, 17, 7 ]
               - [ 31, 31, 7 ]
               - [ 8, 19, 5 ]
               - [ 22, 12, 1 ]
               - [ 33, 40, 2 ]
               - [ 10, 13, 4 ]
               - [ 2, 6, 2 ]
               - [ 13, 0, 3 ]
               - [ 20, 3, 7 ]
               - [ 1, 12, 7 ]
               - [ 14, 10, 1 ]
               - [ 24, 28, 7 ]
               - [ 7, 8, 0 ]
               - [ 18, 18, 7 ]
               - [ 12, 5, 6 ]
               - [ 29, 37, 6 ]
         -
            width: 16
            height: 21
            tl_x: 14
            tl_y: 6
            pyramid_level: 1
            features:
               - [ 13, 10, 7 ]
               - [ 16, 16, 7 ]
               - [ 4, 10, 6 ]
               - [ 7, 13, 7 ]
               - [ 9, 17, 7 ]
               - [ 15, 21, 3 ]
   -
      template_id: 7
      templates:
         -
            width: 43
            height: 30
            tl_x: 26
            tl_y: 14
            pyramid_level: 0
            features:
               - [ 19, 23, 5 ]
               - [ 22, 25, 5 ]
               - [ 32, 17, 5 ]
               - [ 31, 30, 5 ]
               - [ 22, 11, 6 ]
               - [ 11, 21, 3 ]
               - [ 43, 27, 1 ]
               - [ 6, 2, 2 ]
               - [ 0, 12, 1 ]
               - [ 10, 14, 3 ]
