%YAML:1.0
---
class_id: nut
pyramid_levels: 2
template_pyramids:
   -
      template_id: 0
      templates:
         -
            width: 24
            height: 40
            tl_x: 10
            tl_y: 16
            pyramid_level: 0
            features:
               - [ 20, 21, 1 ]
               - [ 21, 18, 1 ]
               - [ 10, 15, 1 ]
               - [ 24, 6, 0 ]
               - [ 20, 28, 7 ]
               - [ 22, 14, 1 ]
               - [ 14, 1, 1 ]
               - [ 23, 11, 1 ]
               - [ 6, 38, 5 ]
               - [ 0, 32, 1 ]
               - [ 15, 40, 4 ]
               - [ 1, 29, 1 ]
               - [ 9, 35, 7 ]
               - [ 11, 30, 3 ]
               - [ 16, 10, 0 ]
               - [ 15, 31, 7 ]
               - [ 13, 36, 2 ]
               - [ 12, 25, 0 ]
               - [ 14, 18, 1 ]
               - [ 16, 23, 0 ]
         -
            width: 12
            height: 20
            tl_x: 5
            tl_y: 8
            pyramid_level: 1
            features:
               - [ 4, 9, 1 ]
               - [ 6, 2, 1 ]
               - [ 11, 9, 1 ]
               - [ 10, 13, 0 ]
               - [ 2, 19, 5 ]
               - [ 11, 0, 6 ]
               - [ 12, 3, 1 ]
   -
      template_id: 1
      templates:
         -
            width: 23
            height: 42
            tl_x: 14
            tl_y: 14
            pyramid_level: 0
            features:
               - [ 16, 18, 7 ]
               - [ 12, 4, 7 ]
               - [ 14, 11, 7 ]
               - [ 4, 18, 7 ]
               - [ 11, 1, 7 ]
               - [ 5, 21, 7 ]
               - [ 13, 7, 7 ]
               - [ 1, 6, 7 ]
               - [ 19, 25, 6 ]
               - [ 3, 14, 7 ]
               - [ 6, 25, 0 ]
               - [ 1, 1, 2 ]
               - [ 13, 41, 3 ]
               - [ 23, 38, 2 ]
               - [ 4, 38, 7 ]
               - [ 14, 37, 6 ]
               - [ 13, 32, 1 ]
               - [ 7, 11, 7 ]
               - [ 18, 35, 0 ]
               - [ 11, 27, 6 ]
               - [ 10, 10, 7 ]
               - [ 9, 18, 7 ]
         -
            width: 11
            height: 21
            tl_x: 7
            tl_y: 7
            pyramid_level: 1
            features:
               - [ 2, 10, 7 ]
               - [ 0, 3, 0 ]
               - [ 10, 12, 6 ]
               - [ 8, 8, 7 ]
               - [ 5, 21, 4 ]
   -
      template_id: 2
      templates:
         -
            width: 42
            height: 24
            tl_x: 2
            tl_y: 20
            pyramid_level: 0
            features:
               - [ 20, 8, 3 ]
               - [ 17, 9, 3 ]
               - [ 3, 13, 3 ]
               - [ 20, 20, 3 ]
               - [ 26, 5, 1 ]
               - [ 6, 12, 3 ]
               - [ 23, 19, 3 ]
               - [ 13, 10, 3 ]
               - [ 5, 24, 4 ]
               - [ 10, 11, 3 ]
               - [ 17, 21, 3 ]
               - [ 1, 23, 6 ]
               - [ 12, 22, 3 ]
               - [ 42, 12, 7 ]
               - [ 39, 3, 7 ]
               - [ 39, 20, 3 ]
               - [ 34, 0, 3 ]
               - [ 37, 11, 2 ]
               - [ 32, 12, 5 ]
               - [ 31, 8, 1 ]
               - [ 10, 18, 4 ]
               - [ 13, 17, 3 ]
               - [ 36, 7, 5 ]
               - [ 25, 14, 4 ]
               - [ 21, 15, 3 ]
               - [ 17, 16, 3 ]
         -
            width: 21
            height: 12
            tl_x: 1
            tl_y: 10
            pyramid_level: 1
            features:
               - [ 14, 10, 4 ]
               - [ 11, 10, 3 ]
               - [ 4, 12, 3 ]
               - [ 8, 11, 3 ]
               - [ 9, 4, 3 ]
               - [ 13, 2, 2 ]
               - [ 16, 6, 6 ]
   -
      template_id: 3
      templates:
         -
            width: 25
            height: 40
            tl_x: 12
            tl_y: 14
            pyramid_level: 0
            features:
               - [ 5, 19, 1 ]
               - [ 4, 22, 1 ]
               - [ 15, 25, 1 ]
               - [ 1, 34, 0 ]
               - [ 5, 12, 7 ]
               - [ 3, 26, 1 ]
               - [ 11, 39, 1 ]
               - [ 2, 29, 1 ]
               - [ 19, 2, 5 ]
               - [ 25, 8, 1 ]
               - [ 10, 0, 4 ]
               - [ 24, 11, 1 ]
               - [ 16, 5, 7 ]
               - [ 14, 10, 3 ]
               - [ 9, 30, 0 ]
               - [ 10, 9, 7 ]
               - [ 12, 4, 2 ]
               - [ 13, 15, 0 ]
               - [ 11, 22, 1 ]
               - [ 9, 17, 0 ]
         -
            width: 12
            height: 20
            tl_x: 6
            tl_y: 7
            pyramid_level: 1
            features:
               - [ 8, 12, 1 ]
               - [ 9, 9, 2 ]
               - [ 6, 19, 1 ]
               - [ 7, 16, 1 ]
               - [ 2, 10, 1 ]
               - [ 2, 6, 0 ]
               - [ 10, 1, 5 ]
               - [ 1, 20, 6 ]
   -
      template_id: 4
      templates:
         -
            width: 22
            height: 41
            tl_x: 10
            tl_y: 14
            pyramid_level: 0
            features:
               - [ 7, 24, 7 ]
               - [ 11, 38, 7 ]
               - [ 9, 31, 7 ]
               - [ 19, 24, 7 ]
               - [ 12, 41, 7 ]
               - [ 18, 21, 7 ]
               - [ 10, 35, 7 ]
               - [ 22, 36, 7 ]
               - [ 4, 17, 6 ]
               - [ 20, 28, 7 ]
               - [ 17, 17, 0 ]
               - [ 22, 41, 2 ]
               - [ 10, 1, 3 ]
               - [ 0, 4, 2 ]
               - [ 19, 4, 7 ]
               - [ 9, 5, 6 ]
               - [ 10, 10, 1 ]
               - [ 16, 31, 7 ]
               - [ 5, 7, 0 ]
               - [ 12, 15, 6 ]
               - [ 13, 32, 7 ]
               - [ 14, 24, 7 ]
         -
            width: 11
            height: 20
            tl_x: 5
            tl_y: 7
            pyramid_level: 1
            features:
               - [ 9, 8, 0 ]
               - [ 10, 12, 7 ]
               - [ 11, 17, 7 ]
               - [ 3, 12, 7 ]
               - [ 1, 8, 6 ]
   -
      template_id: 5
      templates:
         -
            width: 35
            height: 36
            tl_x: 4
            tl_y: 16
            pyramid_level: 0
            features:
               - [ 15, 24, 6 ]
               - [ 27, 36, 6 ]
               - [ 9, 20, 4 ]
               - [ 26, 19, 6 ]
               - [ 23, 16, 6 ]
               - [ 21, 30, 6 ]
               - [ 35, 28, 6 ]
               - [ 7, 3, 2 ]
               - [ 0, 10, 1 ]
               - [ 15, 1, 6 ]
               - [ 8, 7, 4 ]
               - [ 11, 11, 0 ]
               - [ 9, 14, 4 ]
               - [ 27, 27, 6 ]
               - [ 5, 11, 7 ]
               - [ 15, 15, 5 ]
               - [ 21, 21, 6 ]
         -
            width: 17
            height: 18
            tl_x: 2
            tl_y: 8
            pyramid_level: 1
            features:
               - [ 12, 8, 6 ]
               - [ 17, 13, 6 ]
               - [ 5, 11, 5 ]
               - [ 8, 13, 6 ]
               - [ 4, 1, 2 ]
   -
      template_id: 6
      templates:
         -
            width: 39
            height: 24
            tl_x: 2
            tl_y: 22
            pyramid_level: 0
            features:
               - [ 20, 20, 5 ]
               - [ 37, 24, 4 ]
               - [ 29, 22, 5 ]
               - [ 13, 19, 3 ]
               - [ 32, 23, 5 ]
               - [ 23, 9, 5 ]
               - [ 28, 10, 5 ]
               - [ 20, 8, 5 ]
               - [ 39, 13, 5 ]
               - [ 31, 11, 5 ]
               - [ 35, 12, 5 ]
               - [ 0, 15, 0 ]
               - [ 2, 6, 1 ]
               - [ 9, 0, 5 ]
               - [ 3, 20, 5 ]
               - [ 6, 9, 3 ]
               - [ 11, 10, 7 ]
               - [ 32, 16, 5 ]
               - [ 10, 14, 3 ]
               - [ 35, 17, 5 ]
               - [ 5, 13, 6 ]
               - [ 18, 12, 5 ]
               - [ 24, 14, 5 ]
